spawns: 
  default: 
    world: plot
    x: 0.5092351129047316
    y: 66.0
    z: 0.6150661005034108
    yaw: -180.9001
    pitch: 1.6500047
  couzvebaton: 
    world: plot
    x: 0.5603142657137508
    y: 66.0
    z: 0.735281910863604
    yaw: 175.35413
    pitch: 21.29992
