world: hub
x: -23.05478323985594
y: 97.0
z: -240.46802686550237
yaw: -269.7832
pitch: 43.8938
name: Spawn
lastowner: bcb6f199-daf8-447b-856c-b76748f3b510
